# Basic Operations

9+7
3/5
4*4
3^3
225 + 57 - 25

# Variables

my_name <- 'Narciso'

number1 <- 2449
number2 <- 1337

number1 + number2
